
0.27363184 0.21393035 0.27       0.21       0.205      0.255  0.21       0.245      0.265      0.205     
 0.24378109 0.27363184 0.275      0.205      0.215      0.22  0.215      0.315      0.245      0.27      
 0.24875622 0.23880597 0.25       0.225      0.26       0.25 0.22       0.195      0.23       0.235     
 0.22885572 0.22885572 0.27       0.23       0.18       0.225 0.22       0.22       0.2        0.225  
 0.23880597 0.23383085 0.265      0.195      0.24       0.24 0.245      0.22       0.23       0.255 
 0.23383085 0.19402985 0.2        0.235      0.23       0.22 0.235      0.25       0.22       0.22  
 0.22885572 0.22885572 0.245      0.275      0.24       0.28 0.22       0.24       0.26       0.225  
 0.24875622 0.25870647 0.245      0.275      0.205      0.295 0.245      0.275      0.26       0.22 
 0.2238806 0.2238806 0.26      0.265     0.225     0.265     0.26 0.19      0.275     0.22    
 0.24378109 0.23383085 0.195      0.235      0.195      0.26 0.2        0.27       0.22       0.235 

 0.32835821 0.28358209 0.35       0.34       0.245      0.255 0.295      0.335      0.35       0.27 
0.2238806  0.27363184 0.235      0.25       0.27       0.27 0.3        0.305      0.28       0.24  
 0.25373134 0.31343284 0.305      0.245      0.265      0.25 0.29       0.25       0.295      0.275
 0.27363184 0.30348259 0.27       0.275      0.235      0.31 0.235      0.305      0.28       0.275
 0.26865672 0.27363184 0.25       0.255      0.275      0.305 0.225      0.24       0.215      0.335 
 0.30348259 0.29353234 0.325      0.26       0.345      0.265 0.315      0.285      0.32       0.285
 0.26368159 0.31343284 0.265      0.33       0.325      0.295 0.255      0.26       0.3        0.26 
 0.28855721 0.28358209 0.275      0.31       0.28       0.295 0.255      0.335      0.32       0.235
 0.29353234 0.28358209 0.36       0.27       0.29       0.315 0.305      0.305      0.315      0.295
 0.25373134 0.30348259 0.275      0.255      0.305      0.265 0.275      0.3        0.3        0.26 

0.32835821 0.32338308 0.315      0.27       0.335      0.345 0.27       0.3        0.305      0.31      
 0.35323383 0.27860697 0.305      0.295      0.285      0.3 0.33       0.315      0.255      0.28 
 0.35323383 0.30845771 0.36       0.36       0.32       0.315 0.3        0.295      0.32       0.305    
 0.29353234 0.28358209 0.31       0.29       0.3        0.31 0.305      0.275      0.25       0.305
 0.35323383 0.27860697 0.305      0.295      0.285      0.3 0.33       0.315      0.255      0.28     
0.28358209 0.33830846 0.33       0.31       0.34       0.32 0.35       0.275      0.32       0.305
 0.33830846 0.30348259 0.265      0.325      0.295      0.35 0.365      0.36       0.345      0.39
 0.35820896 0.3880597  0.325      0.35       0.33       0.32 0.35       0.33       0.315      0.375
 0.30845771 0.32835821 0.315      0.31       0.3        0.375 0.295      0.29       0.315      0.305
  0.29353234 0.28358209 0.31       0.29       0.3        0.31 0.305      0.275      0.25       0.305


0.36318408 0.33333333 0.29       0.365      0.335      0.335 0.405      0.29       0.395      0.32
0.37313433 0.34825871 0.38       0.305      0.36       0.37 0.3        0.355      0.33       0.34 
0.32835821 0.35820896 0.395      0.365      0.32       0.36 0.33       0.33       0.375      0.33
0.35820896 0.32338308 0.345      0.305      0.35       0.315 0.305      0.285      0.28       0.325
0.32338308 0.40298507 0.32       0.275      0.325      0.34 0.355      0.355      0.305      0.31
0.35820896 0.39800995 0.31       0.35       0.355      0.345 0.345      0.31       0.345      0.345
0.36318408 0.33333333 0.29       0.365      0.335      0.335 0.405      0.29       0.395      0.32
0.37313433 0.34825871 0.38       0.305      0.36       0.37 0.3        0.355      0.33       0.34 
0.32835821 0.35820896 0.395      0.365      0.32       0.36 0.33       0.33       0.375      0.33
0.35820896 0.32338308 0.345      0.305      0.35       0.315 0.305      0.285      0.28       0.325

0.39303483 0.35820896 0.395      0.33       0.3        0.335 0.36       0.34       0.345      0.425
0.33333333 0.42288557 0.305      0.345      0.335      0.425 0.34       0.37       0.365      0.34 
0.33333333 0.42288557 0.305      0.345      0.335      0.425  0.34       0.37       0.365      0.34 
0.33830846 0.40298507 0.33       0.355      0.37       0.345 0.345      0.34       0.325      0.335
0.3681592  0.26865672 0.345      0.33       0.345      0.36  0.305      0.275      0.34       0.385
0.31840796 0.35323383 0.33       0.385      0.385      0.32 0.33       0.39       0.375      0.365 
0.33830846 0.32338308 0.345      0.285      0.29       0.395 0.385      0.37       0.315      0.32
0.39303483 0.35820896 0.395      0.33       0.3        0.335 0.36       0.34       0.345      0.425
0.33333333 0.42288557 0.305      0.345      0.335      0.425 0.34       0.37       0.365      0.34 
0.33333333 0.42288557 0.305      0.345      0.335      0.425  0.34       0.37       0.365      0.34 

0.31840796 0.27363184 0.295      0.3        0.31       0.265 0.24       0.34       0.335      0.33
 0.34825871 0.40298507 0.325      0.38       0.35       0.39 0.325      0.35       0.31       0.3
 0.35820896 0.37313433 0.395      0.37       0.32       0.36 0.38       0.385      0.385      0.375
 0.40298507 0.29850746 0.32       0.32       0.335      0.305 0.31       0.31       0.35       0.33
 0.30845771 0.33830846 0.305      0.33       0.37       0.295 0.335      0.425      0.36       0.365
 0.33830846 0.33333333 0.41       0.35       0.38       0.335 0.42       0.37       0.3        0.3
 0.35820896 0.34328358 0.37       0.34       0.375      0.415 0.425      0.37       0.31       0.35
 0.31840796 0.27363184 0.295      0.3        0.31       0.265 0.24       0.34       0.335      0.33
 0.34825871 0.40298507 0.325      0.38       0.35       0.39 0.325      0.35       0.31       0.3
 0.35820896 0.37313433 0.395      0.37       0.32       0.36 0.38       0.385      0.385      0.375

0.30845771 0.34825871 0.35       0.38       0.375      0.39 0.335      0.36       0.325      0.4
 0.41293532 0.3681592  0.435      0.365      0.355      0.33 0.375      0.33       0.325      0.405
 0.35323383 0.28358209 0.39       0.355      0.415      0.39 0.36       0.37       0.325      0.35
 0.35820896 0.35323383 0.375      0.38       0.335      0.32 0.395      0.36       0.335      0.34
 0.32338308 0.34825871 0.38       0.335      0.34       0.37 0.345      0.41       0.345      0.385
0.33586584  0.33812027  0.39   0.349  0.335   0.317 0.383   0.39165415  0.33101157  0.33814236
0.3267324   0.39235025  0.35  0.355   0.380  0.3602 0.309   0.34326375  0.38878976  0.30885232
0.38903511  0.37010021  0.33   0.338  0.365  0.361 0.3143  0.36323469  0.32248875  0.32463375
 0.3692432   0.34132281  0.35  0.377  0.338  0.381 0.360  0.3685216   0.34941873  0.36030617
 0.31119293  0.34650625  0.39  0.319   0.3457  0.343 0.339  0.31471922  0.32237519  0.36533195

 0.38372246  0.39844441  0.31156976  0.37631754  0.40622501  0.36360238 0.37009235  0.38982753  0.36526047  0.3202524 
 0.3150343   0.33879247  0.35097696  0.3097984   0.36697162  0.40531273 0.31634707  0.39883597  0.39080776  0.38127357
 0.35416236  0.33870045  0.34261642  0.34311203  0.38881623  0.36396719 0.33506597  0.30850453  0.31501337  0.3558667 
 0.3766172   0.33766553  0.32371113  0.38798842  0.4081644   0.40953421 0.31578351  0.40810473  0.36990705  0.32728696
 0.33614242  0.34465758  0.32346246  0.36234304  0.40434012  0.40372011 0.39924418  0.31543396  0.40535742  0.39367827
 0.40787711  0.39983518  0.35266066  0.38595228  0.37464079  0.31118862 0.40193299  0.31986681  0.31563594  0.38699433
 0.33974655  0.36338052  0.31133415  0.40566769  0.33671289  0.3792168 0.32044274  0.34334957  0.37964328  0.33524265
 0.35527464  0.35834086  0.32114116  0.35745045  0.35520698  0.31850491 0.37382671  0.39052983  0.32594327  0.33451141
 0.31161449  0.39125386  0.32071312  0.4027165   0.32620514  0.31899199 0.37095431  0.31724076  0.32581668  0.35129385
 0.32083512  0.40058351  0.31497856  0.35329074  0.34690434  0.34793838 0.34115972  0.37730499  0.36187078  0.35147174

 0.37732643  0.37974124  0.34946344  0.33768227  0.39526895  0.39610287 0.39740294  0.40933416  0.3086392   0.38181633
 0.3946017   0.41911802  0.3111359   0.35748893  0.313664    0.36225666 0.32055215  0.38564703  0.31834407  0.36012665
 0.38424527  0.37606769  0.41120868  0.39218138  0.33956879  0.40635327 0.34727371  0.33015448  0.31456153  0.36715434
 0.31146934  0.33642762  0.32326805  0.3566745   0.38319582  0.33865906 0.34468612  0.32997443  0.31165553  0.38029232
 0.33871609  0.39837174  0.32944461  0.40914017  0.39514433  0.31962927 0.39632093  0.40904786  0.31022453  0.38195693
 0.39340853  0.37372076  0.40474936  0.38365141  0.35072479  0.32217604 0.40078654  0.30990282  0.37281757  0.40755217
 0.31116462  0.3464712   0.39273959  0.36053491  0.39241296  0.41898602 0.36166776  0.35750181  0.40239118  0.40848951
 0.33593477  0.34050604  0.31717141  0.35373139  0.40988566  0.39905857 0.40864087  0.33844887  0.32821648  0.37778585
 0.3932926   0.40787439  0.31720726  0.3806434   0.38560834  0.34913623 0.35673417  0.38435814  0.35377164  0.3887757 
 0.33945572  0.33479972  0.33733292  0.31558285  0.35349444  0.40778333 0.36269167  0.3198503   0.38949171  0.39691847

  0.35366535  0.38240766  0.38204308  0.31050675  0.33499915  0.40872678 0.39979865  0.39603689  0.40871991  0.3559352 
 0.36355345  0.33736837  0.31272105  0.38784028  0.38169717  0.39370422 0.33252523  0.31564179  0.35027193  0.33405303
 0.31823435  0.31725726  0.38102752  0.33513367  0.34188254  0.3272909 0.37396567  0.39622892  0.39443914  0.38941864
 0.34334527  0.38795486  0.37685619  0.36981813  0.34844387  0.36580974 0.33062965  0.39992614  0.40642814  0.32412615
 0.32455043  0.40464544  0.31340815  0.37941394  0.3770526   0.39741989 0.40657512  0.37388675  0.33084659  0.3894569 
 0.39050357  0.36449286  0.37206915  0.31536582  0.32660719  0.35359394 0.36498716  0.30845912  0.39851079  0.32864057
 0.33806706  0.32621803  0.38424757  0.32926188  0.37116762  0.35598692 0.36845347  0.34310793  0.40262039  0.40336966
 0.31278159  0.3914861   0.36810663  0.35431958  0.3188689   0.37872202 0.36380289  0.36979657  0.39458222  0.40444853
 0.39782298  0.39100561  0.40607965  0.37842205  0.31765784  0.3802865 0.35784181  0.34936622  0.40894942  0.37431349
 0.3705882   0.31392211  0.30863239  0.37634189  0.4024281   0.39560429 0.39357238  0.36440313  0.37539274  0.38930483
