0.2238806  0.19900498 0.24       0.21       0.23       0.255  0.225      0.26       0.24       0.29 
0.2238806  0.27363184 0.235      0.235      0.245      0.235   0.22       0.245      0.27       0.245 
0.31343284 0.24875622 0.255      0.285      0.295      0.27  0.29       0.27       0.29       0.25       
0.25870647 0.34825871 0.31       0.26       0.32       0.23  0.305      0.35       0.295      0.34 
0.33830846 0.32835821 0.31       0.32       0.28       0.325  0.255      0.29       0.315      0.29      
0.36318408 0.27860697 0.33       0.285      0.36       0.305  0.29       0.335      0.3        0.31 
0.37810945 0.33333333 0.29       0.35       0.32       0.35  0.345      0.36       0.335      0.32  
0.37313433 0.29353234 0.38       0.375      0.4        0.335  0.335      0.325      0.34       0.31  
0.27363184 0.35820896 0.36       0.31       0.38       0.39  0.285      0.345      0.335      0.355 
0.33333333 0.39800995 0.37       0.375      0.355      0.34  0.34       0.39       0.34       0.355 
0.37810945 0.34328358 0.34       0.385      0.35       0.41  0.355      0.38       0.355      0.35  
0.32338308 0.35820896 0.335      0.365      0.295      0.305  0.325      0.36       0.345      0.3 
0.30348259 0.3681592  0.38       0.465      0.385      0.375  0.33       0.33       0.395      0.405      
0.3880597 0.3880597 0.41      0.41      0.36      0.33      0.35  0.335     0.32      0.35 
0.37810945 0.37810945 0.375      0.395      0.385      0.395  0.36       0.36       0.375      0.31 
0.37810945 0.36318408 0.3        0.31       0.315      0.345  0.41       0.37       0.385      0.32 
0.35820896 0.35820896 0.385      0.35       0.375      0.305  0.44       0.385      0.37       0.33  
0.36318408 0.3681592  0.34       0.33       0.405      0.365  0.34       0.395      0.34       0.4  
0.3681592  0.37313433 0.425      0.39       0.41       0.36  0.39       0.42       0.35       0.385 
0.39800995 0.34328358 0.375      0.43       0.365      0.36 0.385      0.365      0.345      0.36 
0.41293532 0.36318408 0.35       0.345      0.36       0.43  0.35       0.385      0.34       0.385   
0.41293532 0.47263682 0.415      0.335      0.41       0.345 0.365      0.37       0.37       0.405  
0.30348259 0.37313433 0.355      0.385      0.415      0.455  0.44       0.35       0.37       0.39
0.35820896 0.37313433 0.4        0.38       0.44       0.42  0.38       0.345      0.355      0.41   
0.32338308 0.34328358 0.38       0.355      0.405      0.35  0.345      0.43       0.4        0.365  
0.39303483 0.38308458 0.46       0.38       0.405      0.34  0.385      0.32       0.375      0.35
0.29353234 0.33830846 0.36       0.435      0.385      0.345 0.335      0.375      0.42       0.36
0.3880597  0.34825871 0.335      0.38       0.39       0.36  0.43       0.465      0.395      0.355
0.36318408 0.37810945 0.385      0.38       0.415      0.34 0.345      0.335      0.395      0.33  
